PLUME_MODEL=[2]Beta Distribution with ALPHA and BETA parameteres
EXIT[get_points]:Read 55 points.
ENTER[get_wind].
[0] 1700.000000 3.180723 396.917666
[1] 1713.028235 3.086019 402.547537
[2] 1726.056470 2.991316 408.177409
[3] 1739.084705 2.896613 413.807280
[4] 1752.112940 2.801910 419.437152
[5] 1765.141175 2.707207 425.067023
[6] 1778.169410 2.612503 430.696894
[7] 1791.197645 2.517800 436.326766
[8] 1804.225880 2.423097 441.956637
[9] 1817.254115 2.328394 447.586508
[10] 1830.282350 2.233690 453.216380
[11] 1843.310585 2.138987 458.846251
[12] 1856.338820 2.044284 464.476123
[13] 1869.367055 1.949581 470.105994
[14] 1882.395290 1.854878 475.735865
[15] 1895.423525 1.760174 481.365737
[16] 1908.451760 1.665471 486.995608
[17] 1921.479995 1.570768 492.625480
[18] 1934.508230 1.476065 498.255351
[19] 1947.536465 1.381361 503.885222
[20] 1960.564700 1.286658 509.515094
[21] 1973.592935 1.191955 515.144965
[22] 1986.621170 1.097252 520.774837
[23] 1999.649405 1.002549 526.404708
[24] 2012.677640 1.479973 526.117394
[25] 2025.705875 1.973219 525.666443
[26] 2038.734110 2.466465 525.215492
[27] 2051.762345 2.959711 524.764541
[28] 2064.790580 3.452957 524.313590
[29] 2077.818815 3.946203 523.862639
[30] 2090.847050 4.439449 523.411687
[31] 2103.875285 4.932695 522.960736
[32] 2116.903520 5.425941 522.509785
[33] 2129.931755 5.919187 522.058834
[34] 2142.959990 6.412433 521.607883
[35] 2155.988225 6.905680 521.156932
[36] 2169.016460 7.398926 520.705981
[37] 2182.044695 7.892172 520.255030
[38] 2195.072930 8.385418 519.804078
[39] 2208.101165 8.878664 519.353127
[40] 2221.129400 9.371910 518.902176
[41] 2234.157635 9.865156 518.451225
[42] 2247.185870 10.358402 518.000274
[43] 2260.214105 10.851648 517.549323
[44] 2273.242340 11.344894 517.098372
[45] 2286.270575 11.838140 516.647421
[46] 2299.298810 12.331387 516.196470
[47] 2312.327045 12.824633 515.745518
[48] 2325.355280 13.317879 515.294567
[49] 2338.383515 13.811125 514.843616
[50] 2351.411750 14.304371 514.392665
[51] 2364.439985 14.797617 513.941714
[52] 2377.468220 15.290863 513.490763
[53] 2390.496455 15.784109 513.039812
[54] 2403.524690 16.277355 512.588861
[55] 2416.552925 16.770601 512.137909
[56] 2429.581160 17.263847 511.686958
[57] 2442.609395 17.757093 511.236007
[58] 2455.637630 18.250340 510.785056
[59] 2468.665865 18.743586 510.334105
[60] 2481.694100 19.236832 509.883154
[61] 2494.722335 19.730078 509.432203
[62] 2507.750570 20.223324 508.981252
[63] 2520.778805 20.716570 508.530301
[64] 2533.807040 21.209816 508.079349
[65] 2546.835275 21.703062 507.628398
[66] 2559.863510 22.196308 507.177447
[67] 2572.891745 22.689554 506.726496
[68] 2585.919980 23.182800 506.275545
[69] 2598.948215 23.676046 505.824594
[70] 2611.976450 24.169293 505.373643
[71] 2625.004685 24.662539 504.922692
[72] 2638.032920 25.155785 504.471740
[73] 2651.061155 25.649031 504.020789
[74] 2664.089390 26.142277 503.569838
[75] 2677.117625 26.635523 503.118887
[76] 2690.145860 27.128769 502.667936
[77] 2703.174095 27.622015 502.216985
[78] 2716.202330 28.115261 501.766034
[79] 2729.230565 28.608507 501.315083
[80] 2742.258800 29.101753 500.864132
[81] 2755.287035 29.594999 500.413180
[82] 2768.315270 30.088246 499.962229
[83] 2781.343505 30.581492 499.511278
[84] 2794.371740 31.074738 499.060327
[85] 2807.399975 31.567984 498.609376
[86] 2820.428210 32.061230 498.158425
[87] 2833.456445 32.554476 497.707474
[88] 2846.484680 33.047722 497.256523
[89] 2859.512915 33.540968 496.805571
[90] 2872.541150 34.034214 496.354620
[91] 2885.569385 34.527460 495.903669
[92] 2898.597620 35.020706 495.452718
[93] 2911.625855 35.513952 495.001767
[94] 2924.654090 36.007199 494.550816
[95] 2937.682325 36.500445 494.099865
[96] 2950.710560 36.993691 493.648914
[97] 2963.738795 37.486937 493.197963
[98] 2976.767030 37.980183 492.747011
[99] 2989.795265 38.473429 492.296060
[100] 3002.823500 38.772157 491.884068
[101] 3015.851735 38.367854 491.612880
[102] 3028.879970 37.963551 491.341693
[103] 3041.908205 37.559248 491.070505
[104] 3054.936440 37.154945 490.799318
[105] 3067.964675 36.750642 490.528130
[106] 3080.992910 36.346339 490.256943
[107] 3094.021145 35.942036 489.985755
[108] 3107.049380 35.537733 489.714568
[109] 3120.077615 35.133430 489.443380
[110] 3133.105850 34.729127 489.172192
[111] 3146.134085 34.324824 488.901005
[112] 3159.162320 33.920521 488.629817
[113] 3172.190555 33.516218 488.358630
[114] 3185.218790 33.111915 488.087442
[115] 3198.247025 32.707612 487.816255
[116] 3211.275260 32.303309 487.545067
[117] 3224.303495 31.899006 487.273880
[118] 3237.331730 31.494703 487.002692
[119] 3250.359965 31.090400 486.731505
[120] 3263.388200 30.686097 486.460317
[121] 3276.416435 30.281794 486.189130
[122] 3289.444670 29.877491 485.917942
[123] 3302.472905 29.473188 485.646755
[124] 3315.501140 29.068885 485.375567
[125] 3328.529375 28.664582 485.104380
[126] 3341.557610 28.260279 484.833192
[127] 3354.585845 27.855976 484.562004
[128] 3367.614080 27.451673 484.290817
[129] 3380.642315 27.047370 484.019629
[130] 3393.670550 26.643067 483.748442
[131] 3406.698785 26.238764 483.477254
[132] 3419.727020 25.834461 483.206067
[133] 3432.755255 25.430158 482.934879
[134] 3445.783490 25.025855 482.663692
[135] 3458.811725 24.621552 482.392504
[136] 3471.839960 24.217249 482.121317
[137] 3484.868195 23.812946 481.850129
[138] 3497.896430 23.408643 481.578942
[139] 3510.924665 23.004340 481.307754
[140] 3523.952900 22.600037 481.036567
[141] 3536.981135 22.195734 480.765379
[142] 3550.009370 21.791431 480.494191
[143] 3563.037605 21.387128 480.223004
[144] 3576.065840 20.982825 479.951816
[145] 3589.094075 20.578522 479.680629
[146] 3602.122310 20.174219 479.409441
[147] 3615.150545 19.769917 479.138254
[148] 3628.178780 19.365614 478.867066
[149] 3641.207015 18.961311 478.595879
[150] 3654.235250 18.557008 478.324691
[151] 3667.263485 18.152705 478.053504
[152] 3680.291720 17.748402 477.782316
[153] 3693.319955 17.344099 477.511129
[154] 3706.348190 16.939796 477.239941
[155] 3719.376425 16.535493 476.968754
[156] 3732.404660 16.131190 476.697566
[157] 3745.432895 15.726887 476.426378
[158] 3758.461130 15.322584 476.155191
[159] 3771.489365 14.918281 475.884003
[160] 3784.517600 14.513978 475.612816
[161] 3797.545835 14.109675 475.341628
[162] 3810.574070 13.705372 475.070441
[163] 3823.602305 13.301069 474.799253
[164] 3836.630540 12.896766 474.528066
[165] 3849.658775 12.492463 474.256878
[166] 3862.687010 12.088160 473.985691
[167] 3875.715245 11.683857 473.714503
[168] 3888.743480 11.279554 473.443316
[169] 3901.771715 10.875251 473.172128
[170] 3914.799950 10.470948 472.900941
[171] 3927.828185 10.066645 472.629753
[172] 3940.856420 9.662342 472.358566
[173] 3953.884655 9.258039 472.087378
[174] 3966.912890 8.853736 471.816190
[175] 3979.941125 8.449433 471.545003
[176] 3992.969360 8.045130 471.273815
[177] 4005.997595 7.798303 471.313434
[178] 4019.025830 7.736077 471.717392
[179] 4032.054065 7.673852 472.121351
[180] 4045.082300 7.611626 472.525309
[181] 4058.110535 7.549400 472.929268
[182] 4071.138770 7.487174 473.333226
[183] 4084.167005 7.424948 473.737185
[184] 4097.195240 7.362722 474.141144
[185] 4110.223475 7.300496 474.545102
[186] 4123.251710 7.238270 474.949061
[187] 4136.279945 7.176044 475.353019
[188] 4149.308180 7.113818 475.756978
[189] 4162.336415 7.051592 476.160936
[190] 4175.364650 6.989366 476.564895
[191] 4188.392885 6.927140 476.968853
[192] 4201.421120 6.864914 477.372812
[193] 4214.449355 6.802688 477.776770
[194] 4227.477590 6.740463 478.180729
[195] 4240.505825 6.678237 478.584687
[196] 4253.534060 6.616011 478.988646
[197] 4266.562295 6.553785 479.392604
[198] 4279.590530 6.491559 479.796563
[199] 4292.618765 6.429333 480.200522
[200] 4305.647000 6.367107 480.604480
[201] 4318.675235 6.304881 481.008439
[202] 4331.703470 6.242655 481.412397
[203] 4344.731705 6.180429 481.816356
[204] 4357.759940 6.118203 482.220314
[205] 4370.788175 6.055977 482.624273
[206] 4383.816410 5.993751 483.028231
[207] 4396.844645 5.931525 483.432190
[208] 4409.872880 5.869299 483.836148
[209] 4422.901115 5.807074 484.240107
[210] 4435.929350 5.744848 484.644065
[211] 4448.957585 5.682622 485.048024
[212] 4461.985820 5.620396 485.451983
[213] 4475.014055 5.558170 485.855941
[214] 4488.042290 5.495944 486.259900
[215] 4501.070525 5.433718 486.663858
[216] 4514.098760 5.371492 487.067817
[217] 4527.126995 5.309266 487.471775
[218] 4540.155230 5.247040 487.875734
[219] 4553.183465 5.184814 488.279692
[220] 4566.211700 5.122588 488.683651
[221] 4579.239935 5.060362 489.087609
[222] 4592.268170 4.998136 489.491568
[223] 4605.296405 4.935910 489.895526
[224] 4618.324640 4.873685 490.299485
[225] 4631.352875 4.811459 490.703443
[226] 4644.381110 4.749233 491.107402
[227] 4657.409345 4.687007 491.511361
[228] 4670.437580 4.624781 491.915319
[229] 4683.465815 4.562555 492.319278
[230] 4696.494050 4.500329 492.723236
[231] 4709.522285 4.438103 493.127195
[232] 4722.550520 4.375877 493.531153
[233] 4735.578755 4.313651 493.935112
[234] 4748.606990 4.251425 494.339070
[235] 4761.635225 4.189199 494.743029
[236] 4774.663460 4.126973 495.146987
[237] 4787.691695 4.064747 495.550946
[238] 4800.719930 4.002521 495.954904
[239] 4813.748165 3.940296 496.358863
[240] 4826.776400 3.878070 496.762822
[241] 4839.804635 3.815844 497.166780
[242] 4852.832870 3.753618 497.570739
[243] 4865.861105 3.691392 497.974697
[244] 4878.889340 3.629166 498.378656
[245] 4891.917575 3.566940 498.782614
[246] 4904.945810 3.504714 499.186573
[247] 4917.974045 3.442488 499.590531
[248] 4931.002280 3.380262 499.994490
[249] 4944.030515 3.318036 500.398448
[250] 4957.058750 3.255810 500.802407
[251] 4970.086985 3.193584 501.206365
[252] 4983.115220 3.131358 501.610324
[253] 4996.143455 3.069132 502.014282
[254] 5009.171690 3.545522 501.978149
[255] 5022.199925 4.248391 501.756963
[256] 5035.228160 4.951260 501.535777
[257] 5048.256395 5.654129 501.314592
[258] 5061.284630 6.356998 501.093406
[259] 5074.312865 7.059867 500.872221
[260] 5087.341100 7.762735 500.651035
[261] 5100.369335 8.465604 500.429850
[262] 5113.397570 9.168473 500.208664
[263] 5126.425805 9.871342 499.987479
[264] 5139.454040 10.574211 499.766293
[265] 5152.482275 11.277080 499.545107
[266] 5165.510510 11.979949 499.323922
[267] 5178.538745 12.682818 499.102736
[268] 5191.566980 13.385686 498.881551
[269] 5204.595215 14.088555 498.660365
[270] 5217.623450 14.791424 498.439180
[271] 5230.651685 15.494293 498.217994
[272] 5243.679920 16.197162 497.996809
[273] 5256.708155 16.900031 497.775623
[274] 5269.736390 17.602900 497.554437
[275] 5282.764625 18.305768 497.333252
[276] 5295.792860 19.008637 497.112066
[277] 5308.821095 19.711506 496.890881
[278] 5321.849330 20.414375 496.669695
[279] 5334.877565 21.117244 496.448510
[280] 5347.905800 21.820113 496.227324
[281] 5360.934035 22.522982 496.006139
[282] 5373.962270 23.225851 495.784953
[283] 5386.990505 23.928719 495.563767
[284] 5400.018740 24.631588 495.342582
[285] 5413.046975 25.334457 495.121396
[286] 5426.075210 26.037326 494.900211
[287] 5439.103445 26.740195 494.679025
[288] 5452.131680 27.443064 494.457840
[289] 5465.159915 28.145933 494.236654
[290] 5478.188150 28.848801 494.015469
[291] 5491.216385 29.551670 493.794283
[292] 5504.244620 30.254539 493.573097
[293] 5517.272855 30.957408 493.351912
[294] 5530.301090 31.660277 493.130726
[295] 5543.329325 32.363146 492.909541
[296] 5556.357560 33.066015 492.688355
[297] 5569.385795 33.768883 492.467170
[298] 5582.414030 34.471752 492.245984
[299] 5595.442265 35.174621 492.024798
[300] 5608.470500 35.877490 491.803613
[301] 5621.498735 36.580359 491.582427
[302] 5634.526970 37.283228 491.361242
[303] 5647.555205 37.986097 491.140056
[304] 5660.583440 38.688966 490.918871
[305] 5673.611675 39.391834 490.697685
[306] 5686.639910 40.094703 490.476500
[307] 5699.668145 40.797572 490.255314
[308] 5712.696380 41.500441 490.034128
[309] 5725.724615 42.203310 489.812943
[310] 5738.752850 42.906179 489.591757
[311] 5751.781085 43.609048 489.370572
[312] 5764.809320 44.311916 489.149386
[313] 5777.837555 45.014785 488.928201
[314] 5790.865790 45.717654 488.707015
[315] 5803.894025 46.420523 488.485830
[316] 5816.922260 47.123392 488.264644
[317] 5829.950495 47.826261 488.043458
[318] 5842.978730 48.529130 487.822273
[319] 5856.006965 49.231999 487.601087
[320] 5869.035200 49.934867 487.379902
[321] 5882.063435 50.637736 487.158716
[322] 5895.091670 51.340605 486.937531
[323] 5908.119905 52.043474 486.716345
[324] 5921.148140 52.746343 486.495160
[325] 5934.176375 53.449212 486.273974
[326] 5947.204610 54.152081 486.052788
[327] 5960.232845 54.854949 485.831603
[328] 5973.261080 55.557818 485.610417
[329] 5986.289315 56.260687 485.389232
[330] 5999.317550 56.963556 485.168046
[331] 6012.345785 57.778154 484.950644
[332] 6025.374020 58.598928 484.733452
[333] 6038.402255 59.419702 484.516259
[334] 6051.430490 60.240476 484.299066
[335] 6064.458725 61.061250 484.081874
[336] 6077.486960 61.882023 483.864681
[337] 6090.515195 62.702797 483.647488
[338] 6103.543430 63.523571 483.430296
[339] 6116.571665 64.344345 483.213103
[340] 6129.599900 65.165119 482.995910
[341] 6142.628135 65.985893 482.778718
[342] 6155.656370 66.806667 482.561525
[343] 6168.684605 67.627441 482.344332
[344] 6181.712840 68.448215 482.127140
[345] 6194.741075 69.268989 481.909947
[346] 6207.769310 70.089763 481.692754
[347] 6220.797545 70.910537 481.475562
[348] 6233.825780 71.731311 481.258369
[349] 6246.854015 72.552085 481.041176
[350] 6259.882250 73.372859 480.823984
[351] 6272.910485 74.193632 480.606791
[352] 6285.938720 75.014406 480.389598
[353] 6298.966955 75.835180 480.172406
[354] 6311.995190 76.655954 479.955213
[355] 6325.023425 77.476728 479.738020
[356] 6338.051660 78.297502 479.520828
[357] 6351.079895 79.118276 479.303635
[358] 6364.108130 79.939050 479.086442
[359] 6377.136365 80.759824 478.869250
[360] 6390.164600 81.580598 478.652057
[361] 6403.192835 82.401372 478.434865
[362] 6416.221070 83.222146 478.217672
[363] 6429.249305 84.042920 478.000479
[364] 6442.277540 84.863694 477.783287
[365] 6455.305775 85.684468 477.566094
[366] 6468.334010 86.505241 477.348901
[367] 6481.362245 87.326015 477.131709
[368] 6494.390480 88.146789 476.914516
[369] 6507.418715 88.967563 476.697323
[370] 6520.446950 89.788337 476.480131
[371] 6533.475185 90.609111 476.262938
[372] 6546.503420 91.429885 476.045745
[373] 6559.531655 92.250659 475.828553
[374] 6572.559890 93.071433 475.611360
[375] 6585.588125 93.892207 475.394167
[376] 6598.616360 94.712981 475.176975
[377] 6611.644595 95.533755 474.959782
[378] 6624.672830 96.354529 474.742589
[379] 6637.701065 97.175303 474.525397
[380] 6650.729300 97.996077 474.308204
[381] 6663.757535 98.816850 474.091011
[382] 6676.785770 99.637624 473.873819
[383] 6689.814005 100.458398 473.656626
[384] 6702.842240 101.279172 473.439433
[385] 6715.870475 102.099946 473.222241
[386] 6728.898710 102.920720 473.005048
[387] 6741.926945 103.741494 472.787855
[388] 6754.955180 104.562268 472.570663
[389] 6767.983415 105.383042 472.353470
[390] 6781.011650 106.203816 472.136277
[391] 6794.039885 107.024590 471.919085
[392] 6807.068120 107.845364 471.701892
[393] 6820.096355 108.666138 471.484699
[394] 6833.124590 109.486912 471.267507
[395] 6846.152825 110.307686 471.050314
[396] 6859.181060 111.128459 470.833121
[397] 6872.209295 111.949233 470.615929
[398] 6885.237530 112.770007 470.398736
[399] 6898.265765 113.590781 470.181543
[400] 6911.294000 114.411555 469.964351
	Read 1 wind days with 401 wind levels per day.
EXIT[get_wind].
Finished.
