PLUME_MODEL=[2]Beta Distribution with ALPHA and BETA parameteres
EXIT[get_points]:Read 57600 points.
ENTER[get_wind].
[0] 1000.000000 4.918404 488.948540
[1] 1017.492263 4.997753 488.949634
[2] 1034.984526 5.077103 488.950728
[3] 1052.476788 5.156452 488.951822
[4] 1069.969051 5.235801 488.952916
[5] 1087.461314 5.315151 488.954010
[6] 1104.953577 5.394500 488.955104
[7] 1122.445839 5.473849 488.956198
[8] 1139.938102 5.553199 488.957292
[9] 1157.430365 5.632548 488.958386
[10] 1174.922628 5.711897 488.959480
[11] 1192.414890 5.791247 488.960574
[12] 1209.907153 5.870596 488.961668
[13] 1227.399416 5.949945 488.962762
[14] 1244.891679 6.029295 488.963856
[15] 1262.383941 6.108644 488.964949
[16] 1279.876204 6.187993 488.966043
[17] 1297.368467 6.267343 488.967137
[18] 1314.860730 6.346692 488.968231
[19] 1332.352992 6.426041 488.969325
[20] 1349.845255 6.505391 488.970419
[21] 1367.337518 6.584740 488.971513
[22] 1384.829781 6.664089 488.972607
[23] 1402.322043 6.743439 488.973701
[24] 1419.814306 6.822788 488.974795
[25] 1437.306569 6.902137 488.975889
[26] 1454.798832 6.981487 488.976983
[27] 1472.291094 7.060836 488.978077
[28] 1489.783357 7.140185 488.979171
[29] 1507.275620 7.219535 488.980265
[30] 1524.767883 7.298884 488.981359
[31] 1542.260145 7.378233 488.982453
[32] 1559.752408 7.457583 488.983547
[33] 1577.244671 7.536932 488.984641
[34] 1594.736934 7.616281 488.985735
[35] 1612.229196 7.695631 488.986829
[36] 1629.721459 7.774980 488.987923
[37] 1647.213722 7.854329 488.989017
[38] 1664.705985 7.933679 488.990111
[39] 1682.198247 8.013028 488.991205
[40] 1699.690510 8.092377 488.992299
[41] 1717.182773 8.171727 488.993393
[42] 1734.675036 8.251076 488.994487
[43] 1752.167298 8.330425 488.995581
[44] 1769.659561 8.409775 488.996675
[45] 1787.151824 8.489124 488.997768
[46] 1804.644087 8.568473 488.998862
[47] 1822.136349 8.647823 488.999956
[48] 1839.628612 8.727172 489.001050
[49] 1857.120875 8.806521 489.002144
[50] 1874.613138 8.885871 489.003238
[51] 1892.105400 8.965220 489.004332
[52] 1909.597663 9.044569 489.005426
[53] 1927.089926 9.123919 489.006520
[54] 1944.582189 9.203268 489.007614
[55] 1962.074451 9.282617 489.008708
[56] 1979.566714 9.361967 489.009802
[57] 1997.058977 9.441316 489.010896
[58] 2014.551240 9.524719 489.059282
[59] 2032.043502 9.608941 489.117227
[60] 2049.535765 9.693163 489.175171
[61] 2067.028028 9.777385 489.233116
[62] 2084.520291 9.861607 489.291060
[63] 2102.012553 9.945829 489.349005
[64] 2119.504816 10.030051 489.406949
[65] 2136.997079 10.114273 489.464894
[66] 2154.489342 10.198495 489.522838
[67] 2171.981604 10.282717 489.580783
[68] 2189.473867 10.366939 489.638727
[69] 2206.966130 10.451161 489.696672
[70] 2224.458393 10.535384 489.754616
[71] 2241.950655 10.619606 489.812561
[72] 2259.442918 10.703828 489.870505
[73] 2276.935181 10.788050 489.928450
[74] 2294.427444 10.872272 489.986394
[75] 2311.919706 10.956494 490.044339
[76] 2329.411969 11.040716 490.102284
[77] 2346.904232 11.124938 490.160228
[78] 2364.396495 11.209160 490.218173
[79] 2381.888757 11.293382 490.276117
[80] 2399.381020 11.377604 490.334062
[81] 2416.873283 11.461826 490.392006
[82] 2434.365546 11.546048 490.449951
[83] 2451.857808 11.630270 490.507895
[84] 2469.350071 11.714492 490.565840
[85] 2486.842334 11.798714 490.623784
[86] 2504.334597 11.882936 490.681729
[87] 2521.826859 11.967158 490.739673
[88] 2539.319122 12.051381 490.797618
[89] 2556.811385 12.135603 490.855562
[90] 2574.303648 12.219825 490.913507
[91] 2591.795910 12.304047 490.971451
[92] 2609.288173 12.388269 491.029396
[93] 2626.780436 12.472491 491.087340
[94] 2644.272699 12.556713 491.145285
[95] 2661.764961 12.640935 491.203229
[96] 2679.257224 12.725157 491.261174
[97] 2696.749487 12.809379 491.319118
[98] 2714.241750 12.893601 491.377063
[99] 2731.734012 12.977823 491.435007
[100] 2749.226275 13.062045 491.492952
[101] 2766.718538 13.146267 491.550896
[102] 2784.210801 13.230489 491.608841
[103] 2801.703063 13.314711 491.666786
[104] 2819.195326 13.398933 491.724730
[105] 2836.687589 13.483156 491.782675
[106] 2854.179852 13.567378 491.840619
[107] 2871.672114 13.651600 491.898564
[108] 2889.164377 13.735822 491.956508
[109] 2906.656640 13.820044 492.014453
[110] 2924.148903 13.904266 492.072397
[111] 2941.641165 13.988488 492.130342
[112] 2959.133428 14.072710 492.188286
[113] 2976.625691 14.156932 492.246231
[114] 2994.117954 14.241154 492.304175
[115] 3011.610216 14.329347 492.335248
[116] 3029.102479 14.419551 492.352707
[117] 3046.594742 14.509756 492.370166
[118] 3064.087005 14.599960 492.387625
[119] 3081.579267 14.690165 492.405084
[120] 3099.071530 14.780369 492.422543
[121] 3116.563793 14.870573 492.440002
[122] 3134.056056 14.960778 492.457461
[123] 3151.548318 15.050982 492.474920
[124] 3169.040581 15.141187 492.492379
[125] 3186.532844 15.231391 492.509838
[126] 3204.025107 15.321596 492.527297
[127] 3221.517369 15.411800 492.544756
[128] 3239.009632 15.502005 492.562216
[129] 3256.501895 15.592209 492.579675
[130] 3273.994158 15.682414 492.597134
[131] 3291.486420 15.772618 492.614593
[132] 3308.978683 15.862822 492.632052
[133] 3326.470946 15.953027 492.649511
[134] 3343.963209 16.043231 492.666970
[135] 3361.455471 16.133436 492.684429
[136] 3378.947734 16.223640 492.701888
[137] 3396.439997 16.313845 492.719347
[138] 3413.932260 16.404049 492.736806
[139] 3431.424522 16.494254 492.754265
[140] 3448.916785 16.584458 492.771724
[141] 3466.409048 16.674663 492.789183
[142] 3483.901311 16.764867 492.806642
[143] 3501.393573 16.855071 492.824101
[144] 3518.885836 16.945276 492.841560
[145] 3536.378099 17.035480 492.859019
[146] 3553.870362 17.125685 492.876478
[147] 3571.362624 17.215889 492.893937
[148] 3588.854887 17.306094 492.911396
[149] 3606.347150 17.396298 492.928855
[150] 3623.839413 17.486503 492.946314
[151] 3641.331675 17.576707 492.963773
[152] 3658.823938 17.666911 492.981232
[153] 3676.316201 17.757116 492.998691
[154] 3693.808464 17.847320 493.016150
[155] 3711.300726 17.937525 493.033609
[156] 3728.792989 18.027729 493.051068
[157] 3746.285252 18.117934 493.068527
[158] 3763.777515 18.208138 493.085986
[159] 3781.269777 18.298343 493.103445
[160] 3798.762040 18.388547 493.120904
[161] 3816.254303 18.478752 493.138363
[162] 3833.746566 18.568956 493.155822
[163] 3851.238828 18.659160 493.173281
[164] 3868.731091 18.749365 493.190741
[165] 3886.223354 18.839569 493.208200
[166] 3903.715617 18.929774 493.225659
[167] 3921.207879 19.019978 493.243118
[168] 3938.700142 19.110183 493.260577
[169] 3956.192405 19.200387 493.278036
[170] 3973.684668 19.290592 493.295495
[171] 3991.176930 19.380796 493.312954
[172] 4008.669193 19.515686 493.323423
[173] 4026.161456 19.696055 493.326779
[174] 4043.653719 19.876424 493.330134
[175] 4061.145981 20.056793 493.333490
[176] 4078.638244 20.237161 493.336845
[177] 4096.130507 20.417530 493.340201
[178] 4113.622770 20.597899 493.343556
[179] 4131.115032 20.778268 493.346912
[180] 4148.607295 20.958637 493.350267
[181] 4166.099558 21.139006 493.353623
[182] 4183.591821 21.319374 493.356978
[183] 4201.084083 21.499743 493.360334
[184] 4218.576346 21.680112 493.363690
[185] 4236.068609 21.860481 493.367045
[186] 4253.560872 22.040850 493.370401
[187] 4271.053134 22.221218 493.373756
[188] 4288.545397 22.401587 493.377112
[189] 4306.037660 22.581956 493.380467
[190] 4323.529923 22.762325 493.383823
[191] 4341.022185 22.942694 493.387178
[192] 4358.514448 23.123063 493.390534
[193] 4376.006711 23.303431 493.393889
[194] 4393.498974 23.483800 493.397245
[195] 4410.991236 23.664169 493.400600
[196] 4428.483499 23.844538 493.403956
[197] 4445.975762 24.024907 493.407312
[198] 4463.468025 24.205276 493.410667
[199] 4480.960287 24.385644 493.414023
[200] 4498.452550 24.566013 493.417378
[201] 4515.944813 24.746382 493.420734
[202] 4533.437076 24.926751 493.424089
[203] 4550.929338 25.107120 493.427445
[204] 4568.421601 25.287489 493.430800
[205] 4585.913864 25.467857 493.434156
[206] 4603.406127 25.648226 493.437511
[207] 4620.898389 25.828595 493.440867
[208] 4638.390652 26.008964 493.444222
[209] 4655.882915 26.189333 493.447578
[210] 4673.375178 26.369701 493.450934
[211] 4690.867440 26.550070 493.454289
[212] 4708.359703 26.730439 493.457645
[213] 4725.851966 26.910808 493.461000
[214] 4743.344229 27.091177 493.464356
[215] 4760.836491 27.271546 493.467711
[216] 4778.328754 27.451914 493.471067
[217] 4795.821017 27.632283 493.474422
[218] 4813.313280 27.812652 493.477778
[219] 4830.805542 27.993021 493.481133
[220] 4848.297805 28.173390 493.484489
[221] 4865.790068 28.353759 493.487845
[222] 4883.282331 28.534127 493.491200
[223] 4900.774593 28.714496 493.494556
[224] 4918.266856 28.894865 493.497911
[225] 4935.759119 29.075234 493.501267
[226] 4953.251382 29.255603 493.504622
[227] 4970.743644 29.435972 493.507978
[228] 4988.235907 29.616340 493.511333
[229] 5005.728170 29.801513 493.514342
[230] 5023.220433 29.996550 493.516639
[231] 5040.712695 30.191587 493.518936
[232] 5058.204958 30.386625 493.521233
[233] 5075.697221 30.581662 493.523531
[234] 5093.189484 30.776700 493.525828
[235] 5110.681746 30.971737 493.528125
[236] 5128.174009 31.166775 493.530422
[237] 5145.666272 31.361812 493.532719
[238] 5163.158535 31.556849 493.535016
[239] 5180.650797 31.751887 493.537313
[240] 5198.143060 31.946924 493.539610
[241] 5215.635323 32.141962 493.541907
[242] 5233.127586 32.336999 493.544204
[243] 5250.619848 32.532037 493.546501
[244] 5268.112111 32.727074 493.548798
[245] 5285.604374 32.922111 493.551096
[246] 5303.096637 33.117149 493.553393
[247] 5320.588899 33.312186 493.555690
[248] 5338.081162 33.507224 493.557987
[249] 5355.573425 33.702261 493.560284
[250] 5373.065688 33.897298 493.562581
[251] 5390.557950 34.092336 493.564878
[252] 5408.050213 34.287373 493.567175
[253] 5425.542476 34.482411 493.569472
[254] 5443.034739 34.677448 493.571769
[255] 5460.527001 34.872486 493.574066
[256] 5478.019264 35.067523 493.576363
[257] 5495.511527 35.262560 493.578661
[258] 5513.003790 35.457598 493.580958
[259] 5530.496052 35.652635 493.583255
[260] 5547.988315 35.847673 493.585552
[261] 5565.480578 36.042710 493.587849
[262] 5582.972841 36.237747 493.590146
[263] 5600.465103 36.432785 493.592443
[264] 5617.957366 36.627822 493.594740
[265] 5635.449629 36.822860 493.597037
[266] 5652.941892 37.017897 493.599334
[267] 5670.434154 37.212935 493.601631
[268] 5687.926417 37.407972 493.603928
[269] 5705.418680 37.603009 493.606226
[270] 5722.910943 37.798047 493.608523
[271] 5740.403205 37.993084 493.610820
[272] 5757.895468 38.188122 493.613117
[273] 5775.387731 38.383159 493.615414
[274] 5792.879994 38.578196 493.617711
[275] 5810.372256 38.773234 493.620008
[276] 5827.864519 38.968271 493.622305
[277] 5845.356782 39.163309 493.624602
[278] 5862.849045 39.358346 493.626899
[279] 5880.341307 39.553384 493.629196
[280] 5897.833570 39.748421 493.631494
[281] 5915.325833 39.943458 493.633791
[282] 5932.818096 40.138496 493.636088
[283] 5950.310358 40.333533 493.638385
[284] 5967.802621 40.528571 493.640682
[285] 5985.294884 40.723608 493.642979
[286] 6002.787147 40.916369 493.640630
[287] 6020.279409 41.097116 493.613766
[288] 6037.771672 41.277863 493.586903
[289] 6055.263935 41.458610 493.560039
[290] 6072.756198 41.639358 493.533175
[291] 6090.248460 41.820105 493.506312
[292] 6107.740723 42.000852 493.479448
[293] 6125.232986 42.181600 493.452585
[294] 6142.725249 42.362347 493.425721
[295] 6160.217511 42.543094 493.398858
[296] 6177.709774 42.723841 493.371994
[297] 6195.202037 42.904589 493.345130
[298] 6212.694300 43.085336 493.318267
[299] 6230.186562 43.266083 493.291403
[300] 6247.678825 43.446831 493.264540
[301] 6265.171088 43.627578 493.237676
[302] 6282.663351 43.808325 493.210813
[303] 6300.155613 43.989072 493.183949
[304] 6317.647876 44.169820 493.157085
[305] 6335.140139 44.350567 493.130222
[306] 6352.632402 44.531314 493.103358
[307] 6370.124664 44.712062 493.076495
[308] 6387.616927 44.892809 493.049631
[309] 6405.109190 45.073556 493.022768
[310] 6422.601453 45.254303 492.995904
[311] 6440.093715 45.435051 492.969040
[312] 6457.585978 45.615798 492.942177
[313] 6475.078241 45.796545 492.915313
[314] 6492.570504 45.977293 492.888450
[315] 6510.062766 46.158040 492.861586
[316] 6527.555029 46.338787 492.834723
[317] 6545.047292 46.519534 492.807859
[318] 6562.539555 46.700282 492.780996
[319] 6580.031817 46.881029 492.754132
[320] 6597.524080 47.061776 492.727268
[321] 6615.016343 47.242524 492.700405
[322] 6632.508606 47.423271 492.673541
[323] 6650.000868 47.604018 492.646678
[324] 6667.493131 47.784766 492.619814
[325] 6684.985394 47.965513 492.592951
[326] 6702.477657 48.146260 492.566087
[327] 6719.969919 48.327007 492.539223
[328] 6737.462182 48.507755 492.512360
[329] 6754.954445 48.688502 492.485496
[330] 6772.446708 48.869249 492.458633
[331] 6789.938970 49.049997 492.431769
[332] 6807.431233 49.230744 492.404906
[333] 6824.923496 49.411491 492.378042
[334] 6842.415759 49.592238 492.351178
[335] 6859.908021 49.772986 492.324315
[336] 6877.400284 49.953733 492.297451
[337] 6894.892547 50.134480 492.270588
[338] 6912.384810 50.315228 492.243724
[339] 6929.877072 50.495975 492.216861
[340] 6947.369335 50.676722 492.189997
[341] 6964.861598 50.857469 492.163133
[342] 6982.353861 51.038217 492.136270
[343] 6999.846123 51.218964 492.109406
[344] 7017.338386 51.379606 492.077074
[345] 7034.830649 51.540070 492.044694
[346] 7052.322912 51.700534 492.012313
[347] 7069.815174 51.860998 491.979933
[348] 7087.307437 52.021462 491.947553
[349] 7104.799700 52.181926 491.915172
[350] 7122.291963 52.342390 491.882792
[351] 7139.784225 52.502854 491.850411
[352] 7157.276488 52.663318 491.818031
[353] 7174.768751 52.823782 491.785650
[354] 7192.261014 52.984246 491.753270
[355] 7209.753276 53.144710 491.720889
[356] 7227.245539 53.305174 491.688509
[357] 7244.737802 53.465638 491.656129
[358] 7262.230065 53.626102 491.623748
[359] 7279.722327 53.786566 491.591368
[360] 7297.214590 53.947030 491.558987
[361] 7314.706853 54.107494 491.526607
[362] 7332.199116 54.267958 491.494226
[363] 7349.691378 54.428422 491.461846
[364] 7367.183641 54.588886 491.429465
[365] 7384.675904 54.749350 491.397085
[366] 7402.168167 54.909814 491.364704
[367] 7419.660429 55.070278 491.332324
[368] 7437.152692 55.230742 491.299944
[369] 7454.644955 55.391206 491.267563
[370] 7472.137218 55.551670 491.235183
[371] 7489.629480 55.712134 491.202802
[372] 7507.121743 55.872598 491.170422
[373] 7524.614006 56.033062 491.138041
[374] 7542.106269 56.193526 491.105661
[375] 7559.598531 56.353990 491.073280
[376] 7577.090794 56.514454 491.040900
[377] 7594.583057 56.674918 491.008519
[378] 7612.075320 56.835382 490.976139
[379] 7629.567582 56.995846 490.943759
[380] 7647.059845 57.156310 490.911378
[381] 7664.552108 57.316774 490.878998
[382] 7682.044371 57.477238 490.846617
[383] 7699.536633 57.637702 490.814237
[384] 7717.028896 57.798166 490.781856
[385] 7734.521159 57.958629 490.749476
[386] 7752.013422 58.119093 490.717095
[387] 7769.505684 58.279557 490.684715
[388] 7786.997947 58.440021 490.652334
[389] 7804.490210 58.600485 490.619954
[390] 7821.982473 58.760949 490.587574
[391] 7839.474735 58.921413 490.555193
[392] 7856.966998 59.081877 490.522813
[393] 7874.459261 59.242341 490.490432
[394] 7891.951524 59.402805 490.458052
[395] 7909.443786 59.563269 490.425671
[396] 7926.936049 59.723733 490.393291
[397] 7944.428312 59.884197 490.360910
[398] 7961.920575 60.044661 490.328530
[399] 7979.412837 60.205125 490.296150
[400] 7996.905100 60.365589 490.263769
	Read 1 wind days with 401 wind levels per day.
EXIT[get_wind].
Finished.
