#ID	x(m)	y(m)	elev	S(kg_per_sqm)	-7	-6	-5	-4	-3	-2	-1	0	1	2	3	4	5
KS001	693886	3519746	164	13.24	0.0000	0.0000	0.0000	0.0000	0.0000	0.0000	0.1259	2.3681	7.2509	3.2363	0.2589	0.0000	0.0000
KS002	690392	3521840	165	18.46	0.0000	0.0000	0.0000	0.0000	0.0000	0.0257	0.3972	4.0320	9.4391	4.1383	0.4276	0.0000	0.0000
KS003	686782	3523952	239	22.86	0.0000	0.0000	0.0000	0.0000	0.0823	0.2570	2.0112	7.7259	9.1365	2.7519	0.8952	0.0000	0.0000
KS004	684434	3527868	490	35.36	0.0000	0.0000	0.0000	0.0000	2.7534	9.6237	13.5050	8.0832	1.0741	0.0263	0.2942	0.0000	0.0000
KS011	696958	3511255	154	2.11	0.0000	0.0000	0.0000	0.0000	0.0000	0.0000	0.0000	0.0002	0.0353	1.0272	1.0442	0.0000	0.0000
KS012	697915	3506806	212	0.75	0.0000	0.0000	0.0000	0.0000	0.0000	0.0000	0.0000	0.0020	0.0033	0.1508	0.5894	0.0000	0.0000
KS014	700995	3501221	272	0.44	0.0000	0.0000	0.0000	0.0000	0.0000	0.0000	0.0012	0.0013	0.0017	0.0080	0.4258	0.0000	0.0000
KS015	704374	3503413	353	0.15	0.0000	0.0000	0.0000	0.0000	0.0000	0.0000	0.0101	0.0025	0.0010	0.0180	0.1174	0.0000	0.0000
KS016	708574	3505444	316	2.40	0.0000	0.0000	0.0000	0.0000	0.0000	0.0000	0.0000	0.0015	0.0745	1.3092	1.0189	0.0000	0.0000
KS017	711659	3503535	189	1.82	0.0000	0.0000	0.0000	0.0000	0.0000	0.0000	0.0026	0.0009	0.0309	1.0444	0.7412	0.0000	0.0000
KS018	715769	3502973	106	2.19	0.0000	0.0000	0.0000	0.0000	0.0000	0.0000	0.0026	0.0035	0.0171	1.0770	1.0919	0.0000	0.0000
KS019	725645	3499301	6	1.60	0.0000	0.0000	0.0000	0.0000	0.0000	0.0000	0.0000	0.0000	0.0017	0.5559	1.0424	0.0000	0.0000
KS020	724658	3494691	9	1.20	0.0000	0.0000	0.0000	0.0000	0.0000	0.0000	0.0010	0.0015	0.0030	0.1684	1.0261	0.0000	0.0000
KS021	725412	3508182	45	2.16	0.0000	0.0000	0.0000	0.0000	0.0000	0.0028	0.0066	0.0041	0.0362	0.9568	1.1535	0.0000	0.0000
KS022	716245	3509869	207	2.40	0.0000	0.0000	0.0000	0.0000	0.0000	0.0000	0.0089	0.0022	0.2242	1.6707	0.4940	0.0000	0.0000
KS023	713247	3514971	463	3.21	0.0000	0.0000	0.0000	0.0000	0.0000	0.0000	0.0005	0.0128	0.4607	2.1382	0.5977	0.0000	0.0000
KS024	706219	3512375	243	2.89	0.0000	0.0000	0.0000	0.0000	0.0000	0.0000	0.0000	0.0042	0.7432	1.7956	0.3420	0.0000	0.0000
KS025	703503	3516712	160	5.09	0.0000	0.0000	0.0000	0.0000	0.0000	0.0000	0.0016	0.0715	2.3034	2.3343	0.3792	0.0000	0.0000
KS026	700509	3520963	128	6.99	0.0000	0.0000	0.0000	0.0000	0.0000	0.0022	0.1098	1.5344	3.2891	1.6951	0.3593	0.0000	0.0000
KS027	694264	3519503	163	12.93	0.0000	0.0000	0.0000	0.0000	0.0000	0.0000	0.1235	1.8824	6.5575	3.8118	0.5548	0.0000	0.0000
KS028	697674	3524461	134	4.18	0.0000	0.0000	0.0000	0.0000	0.0000	0.1293	0.5418	1.2704	1.6192	0.3112	0.3081	0.0000	0.0000
KS030	690390	3534404	204	2.20	0.0000	0.0000	0.0000	0.0000	0.0000	0.0000	0.0000	0.0018	0.0612	0.2834	1.8535	0.0000	0.0000
KS033	680095	3524929	436	0.91	0.0000	0.0000	0.0000	0.0000	0.0000	0.0000	0.0005	0.0141	0.2726	0.5275	0.0921	0.0000	0.0000
KS034	680148	3525365	468	3.00	0.0000	0.0000	0.0000	0.0000	0.0000	0.0053	0.0204	0.2896	1.3185	1.1694	0.1968	0.0000	0.0000
KS035	681416	3525624	517	3.00	0.0000	0.0000	0.0000	0.0000	0.0000	0.0157	0.1328	1.0628	1.4017	0.2472	0.1398	0.0000	0.0000
KS036	682618	3526179	512	16.42	0.0000	0.0000	0.0000	0.0000	0.0000	0.0870	0.6988	3.3650	5.2124	4.2434	2.8134	0.0000	0.0000
KS037	682595	3526616	541	15.90	0.0000	0.0000	0.0000	0.0000	0.0000	0.3118	1.8195	4.9090	5.0945	2.3002	1.4650	0.0000	0.0000
KS039	681261	3526509	589	5.48	0.0000	0.0000	0.0000	0.0000	0.0000	0.0171	0.2530	1.4918	1.6215	1.2497	0.8508	0.0000	0.0000
KS040	684093	3527061	530	60.80	0.0000	0.0000	0.0000	0.0000	0.3486	2.4875	6.0385	19.0802	23.2025	2.3320	7.3106	0.0000	0.0000
KS041	685666	3528507	398	9.81	0.0000	0.0000	0.0000	0.0000	0.0000	0.0000	0.3040	0.7470	0.2883	1.0942	7.3754	0.0000	0.0000
KS042	686915	3528610	368	7.60	0.0000	0.0000	0.0000	0.0000	0.0626	0.5278	2.5339	2.6792	0.2803	0.1443	1.3719	0.0000	0.0000
KS044	686951	3529220	345	1.61	0.0000	0.0000	0.0000	0.0000	0.0275	0.1072	0.1331	0.1314	0.0573	0.0367	1.1213	0.0000	0.0000
KS045	686547	3527722	334	18.86	0.0000	0.0000	0.0000	0.0000	2.5398	3.2225	2.6490	4.0418	1.6121	0.5590	4.2330	0.0000	0.0000
KS046	686691	3526449	288	37.60	0.0000	0.0000	0.0000	0.0000	0.6930	4.4345	7.1148	11.7929	8.3428	0.7388	4.4833	0.0000	0.0000
KS049	689586	3524204	198	28.00	0.0000	0.0000	0.0000	0.0000	0.0229	0.6365	2.7549	9.9075	12.1320	0.7495	1.7967	0.0000	0.0000
KS051	695295	3523531	157	11.00	0.0000	0.0000	0.0000	0.0000	0.0000	0.1863	1.0342	3.5348	4.5691	0.9238	0.7517	0.0000	0.0000
KS058	703877	3518408	158	5.80	0.0000	0.0000	0.0000	0.0000	0.0000	0.0000	0.0145	0.2402	3.4057	1.7499	0.3896	0.0000	0.0000
KS062	679276	3529745	1045	234.22	0.0000	0.0000	0.0000	0.0000	47.0658	38.8356	54.8313	52.4231	23.8963	8.9231	8.2471	0.0000	0.0000
MB001	679303	3529312	971	45	0.0000	0.0000	0.0000	0.0000	0.0000	3.0405	13.3784	17.4324	8.9189	1.5687	0.2241	0.1277	0.3092
MB004	679604	3529708	1025	250	0.0000	0.0000	0.0000	2.2034	14.2857	56.4396	85.3701	70.0735	16.5838	2.7228	0.9635	0.5191	0.8385
MB006	690924	3515140	190	15	0.0000	0.0000	0.0000	0.0000	0.0000	0.1956	2.7683	6.7402	3.0692	1.4589	0.0768	0.1382	0.5528
MB007	693340	3522755	279	40	0.0000	0.0000	0.0000	0.0000	0.0000	1.4336	8.4058	19.6039	9.5368	0.8247	0.0209	0.0279	0.1463
MB008	687552	3525097	465	60	0.0000	0.0000	0.0000	0.0000	3.1067	15.4032	22.1180	16.5433	2.0460	0.0921	0.0307	0.1965	0.4634
MB009	684562	3527877	653	35	0.0000	0.0000	0.0000	0.0000	1.0112	5.8989	12.7528	11.5169	3.5393	0.1180	0.0236	0.0212	0.1180
MB016	686949	3528598	308	28	0.0000	0.0000	0.0000	0.0000	1.5297	5.6532	9.5550	8.3800	2.3721	0.0486	0.0243	0.0486	0.3885
MB022	683897	3524957	260	28	0.0000	0.0000	0.0000	0.0000	0.5600	2.7767	7.6533	9.9167	6.3933	0.4667	0.0233	0.0233	0.1867
MB023	686957	3525881	187	22	0.0000	0.0000	0.0000	0.0000	0.0000	0.6011	6.6521	10.0583	3.2860	0.4950	0.1650	0.1031	0.6394
MB024	690685	3524085	168	15	0.0000	0.0000	0.0000	0.0000	0.0000	0.0555	1.6790	6.9380	3.4968	0.9623	1.1304	0.1401	0.5979
MB027	679954	3530269	987	90	0.0000	0.0000	0.0000	0.0000	4.3114	21.7365	30.3593	24.2515	7.0060	1.2738	0.2123	0.2123	0.6369
MB039	688935	3526579	251	19	0.0000	0.0000	0.0000	0.0000	0.0000	0.3719	1.7140	6.2094	7.8587	2.1969	0.1331	0.0832	0.4327
MB040	690142	3523136	275	19	0.0000	0.0000	0.0000	0.0000	0.0000	0.0000	1.1975	9.2298	8.1199	0.2337	0.0146	0.0292	0.1752
MB106	703798	3517221	182	4	0.0000	0.0000	0.0000	0.0000	0.0000	0.0000	0.0092	0.0092	0.6431	2.7034	0.5888	0.0062	0.0401
MB116	695039	3516375	164	10	0.0000	0.0000	0.0000	0.0000	0.0000	0.0000	0.0526	0.7579	4.3684	4.6280	0.1274	0.0020	0.0637
MB121	701687	3520374	140	8	0.0000	0.0000	0.0000	0.0000	0.0000	0.0000	0.0509	0.5086	4.3597	2.7909	0.1812	0.0145	0.0942
MB122	699209	3518130	147	6	0.0000	0.0000	0.0000	0.0000	0.0000	0.0000	0.0100	0.0945	1.6567	3.8089	0.3649	0.0100	0.0550