PLUME_MODEL=[2]Beta Distribution with ALPHA and BETA parameteres
EXIT[get_points]:Read 57600 points.
ENTER[get_wind].
[0] 1000.000000 1.000000 360.000000
[1] 1017.675188 1.046119 362.261323
[2] 1035.350375 1.092238 364.522645
[3] 1053.025563 1.138356 366.783968
[4] 1070.700750 1.184475 369.045291
[5] 1088.375938 1.230594 371.306613
[6] 1106.051125 1.276713 373.567936
[7] 1123.726312 1.322832 375.829259
[8] 1141.401500 1.368950 378.090581
[9] 1159.076687 1.415069 380.351904
[10] 1176.751875 1.461188 382.613227
[11] 1194.427062 1.507307 384.874549
[12] 1212.102250 1.553426 387.135872
[13] 1229.777437 1.599544 389.397195
[14] 1247.452625 1.645663 391.658517
[15] 1265.127812 1.691782 393.919840
[16] 1282.803000 1.737901 396.181163
[17] 1300.478187 1.784020 398.442485
[18] 1318.153375 1.830138 400.703808
[19] 1335.828562 1.876257 402.965131
[20] 1353.503750 1.922376 405.226453
[21] 1371.178937 1.968495 407.487776
[22] 1388.854125 2.014614 409.749098
[23] 1406.529312 2.060733 412.010421
[24] 1424.204500 2.106851 414.271744
[25] 1441.879687 2.152970 416.533066
[26] 1459.554875 2.199089 418.794389
[27] 1477.230062 2.245208 421.055712
[28] 1494.905250 2.291327 423.317034
[29] 1512.580437 2.337445 425.578357
[30] 1530.255625 2.383564 427.839680
[31] 1547.930812 2.429683 430.101002
[32] 1565.606000 2.475802 432.362325
[33] 1583.281187 2.521921 434.623648
[34] 1600.956375 2.568039 436.884970
[35] 1618.631562 2.614158 439.146293
[36] 1636.306750 2.660277 441.407616
[37] 1653.981937 2.706396 443.668938
[38] 1671.657125 2.752515 445.930261
[39] 1689.332312 2.798633 448.191584
[40] 1707.007500 2.844752 450.452906
[41] 1724.682687 2.890871 452.714229
[42] 1742.357875 2.936990 454.975552
[43] 1760.033062 2.983109 457.236874
[44] 1777.708250 3.029227 459.498197
[45] 1795.383437 3.075346 461.759520
[46] 1813.058625 3.121465 464.020842
[47] 1830.733812 3.167584 466.282165
[48] 1848.409000 3.213703 468.543488
[49] 1866.084187 3.259821 470.804810
[50] 1883.759375 3.305940 473.066133
[51] 1901.434562 3.352059 475.327456
[52] 1919.109750 3.398178 477.588778
[53] 1936.784937 3.444297 479.850101
[54] 1954.460125 3.490415 482.111424
[55] 1972.135312 3.536534 484.372746
[56] 1989.810500 3.582653 486.634069
[57] 2007.485687 3.676008 487.995129
[58] 2025.160875 3.833661 488.130752
[59] 2042.836062 3.991313 488.266376
[60] 2060.511250 4.148966 488.401999
[61] 2078.186437 4.306618 488.537623
[62] 2095.861625 4.464271 488.673247
[63] 2113.536812 4.621923 488.808870
[64] 2131.212000 4.779576 488.944494
[65] 2148.887187 4.937229 489.080118
[66] 2166.562375 5.094881 489.215741
[67] 2184.237562 5.252534 489.351365
[68] 2201.912750 5.410186 489.486989
[69] 2219.587937 5.567839 489.622612
[70] 2237.263125 5.725492 489.758236
[71] 2254.938312 5.883144 489.893860
[72] 2272.613500 6.040797 490.029483
[73] 2290.288687 6.198449 490.165107
[74] 2307.963875 6.356102 490.300731
[75] 2325.639062 6.513754 490.436354
[76] 2343.314250 6.671407 490.571978
[77] 2360.989437 6.829060 490.707602
[78] 2378.664625 6.986712 490.843225
[79] 2396.339812 7.144365 490.978849
[80] 2414.015000 7.302017 491.114473
[81] 2431.690187 7.459670 491.250096
[82] 2449.365375 7.617323 491.385720
[83] 2467.040562 7.774975 491.521344
[84] 2484.715750 7.932628 491.656967
[85] 2502.390937 8.090280 491.792591
[86] 2520.066125 8.247933 491.928215
[87] 2537.741312 8.405585 492.063838
[88] 2555.416500 8.563238 492.199462
[89] 2573.091687 8.720891 492.335086
[90] 2590.766875 8.878543 492.470709
[91] 2608.442062 9.036196 492.606333
[92] 2626.117250 9.193848 492.741957
[93] 2643.792437 9.351501 492.877580
[94] 2661.467625 9.509153 493.013204
[95] 2679.142812 9.666806 493.148828
[96] 2696.818000 9.824459 493.284451
[97] 2714.493187 9.982111 493.420075
[98] 2732.168375 10.139764 493.555698
[99] 2749.843562 10.297416 493.691322
[100] 2767.518750 10.455069 493.826946
[101] 2785.193937 10.612722 493.962569
[102] 2802.869125 10.770374 494.098193
[103] 2820.544312 10.928027 494.233817
[104] 2838.219500 11.085679 494.369440
[105] 2855.894687 11.243332 494.505064
[106] 2873.569875 11.400984 494.640688
[107] 2891.245062 11.558637 494.776311
[108] 2908.920250 11.716290 494.911935
[109] 2926.595437 11.873942 495.047559
[110] 2944.270625 12.031595 495.183182
[111] 2961.945812 12.189247 495.318806
[112] 2979.621000 12.346900 495.454430
[113] 2997.296187 12.504553 495.590053
[114] 3014.971375 12.684069 495.625931
[115] 3032.646562 12.867534 495.643794
[116] 3050.321750 13.050999 495.661657
[117] 3067.996937 13.234463 495.679520
[118] 3085.672125 13.417928 495.697383
[119] 3103.347312 13.601393 495.715246
[120] 3121.022500 13.784858 495.733109
[121] 3138.697687 13.968323 495.750972
[122] 3156.372875 14.151788 495.768835
[123] 3174.048062 14.335253 495.786698
[124] 3191.723250 14.518718 495.804561
[125] 3209.398437 14.702182 495.822424
[126] 3227.073625 14.885647 495.840287
[127] 3244.748812 15.069112 495.858150
[128] 3262.424000 15.252577 495.876014
[129] 3280.099187 15.436042 495.893877
[130] 3297.774375 15.619507 495.911740
[131] 3315.449562 15.802972 495.929603
[132] 3333.124750 15.986437 495.947466
[133] 3350.799937 16.169901 495.965329
[134] 3368.475125 16.353366 495.983192
[135] 3386.150312 16.536831 496.001055
[136] 3403.825500 16.720296 496.018918
[137] 3421.500687 16.903761 496.036781
[138] 3439.175875 17.087226 496.054644
[139] 3456.851062 17.270691 496.072507
[140] 3474.526250 17.454156 496.090370
[141] 3492.201437 17.637620 496.108234
[142] 3509.876625 17.821085 496.126097
[143] 3527.551812 18.004550 496.143960
[144] 3545.227000 18.188015 496.161823
[145] 3562.902187 18.371480 496.179686
[146] 3580.577375 18.554945 496.197549
[147] 3598.252562 18.738410 496.215412
[148] 3615.927750 18.921875 496.233275
[149] 3633.602937 19.105340 496.251138
[150] 3651.278125 19.288804 496.269001
[151] 3668.953312 19.472269 496.286864
[152] 3686.628500 19.655734 496.304727
[153] 3704.303687 19.839199 496.322590
[154] 3721.978875 20.022664 496.340454
[155] 3739.654062 20.206129 496.358317
[156] 3757.329250 20.389594 496.376180
[157] 3775.004437 20.573059 496.394043
[158] 3792.679625 20.756523 496.411906
[159] 3810.354812 20.939988 496.429769
[160] 3828.030000 21.123453 496.447632
[161] 3845.705187 21.306918 496.465495
[162] 3863.380375 21.490383 496.483358
[163] 3881.055562 21.673848 496.501221
[164] 3898.730750 21.857313 496.519084
[165] 3916.405937 22.040778 496.536947
[166] 3934.081125 22.224242 496.554810
[167] 3951.756312 22.407707 496.572673
[168] 3969.431500 22.591172 496.590537
[169] 3987.106687 22.774637 496.608400
[170] 4004.781875 22.980828 496.595330
[171] 4022.457062 23.248295 496.498858
[172] 4040.132250 23.515762 496.402386
[173] 4057.807437 23.783230 496.305914
[174] 4075.482625 24.050697 496.209442
[175] 4093.157812 24.318164 496.112970
[176] 4110.833000 24.585631 496.016498
[177] 4128.508187 24.853098 495.920026
[178] 4146.183375 25.120565 495.823554
[179] 4163.858562 25.388033 495.727082
[180] 4181.533750 25.655500 495.630610
[181] 4199.208937 25.922967 495.534138
[182] 4216.884125 26.190434 495.437666
[183] 4234.559312 26.457901 495.341194
[184] 4252.234500 26.725368 495.244721
[185] 4269.909687 26.992836 495.148249
[186] 4287.584875 27.260303 495.051777
[187] 4305.260062 27.527770 494.955305
[188] 4322.935250 27.795237 494.858833
[189] 4340.610437 28.062704 494.762361
[190] 4358.285625 28.330172 494.665889
[191] 4375.960812 28.597639 494.569417
[192] 4393.636000 28.865106 494.472945
[193] 4411.311187 29.132573 494.376473
[194] 4428.986375 29.400040 494.280001
[195] 4446.661562 29.667507 494.183529
[196] 4464.336750 29.934975 494.087057
[197] 4482.011937 30.202442 493.990585
[198] 4499.687125 30.469909 493.894113
[199] 4517.362312 30.737376 493.797641
[200] 4535.037500 31.004843 493.701169
[201] 4552.712687 31.272310 493.604697
[202] 4570.387875 31.539778 493.508224
[203] 4588.063062 31.807245 493.411752
[204] 4605.738250 32.074712 493.315280
[205] 4623.413437 32.342179 493.218808
[206] 4641.088625 32.609646 493.122336
[207] 4658.763812 32.877114 493.025864
[208] 4676.439000 33.144581 492.929392
[209] 4694.114187 33.412048 492.832920
[210] 4711.789375 33.679515 492.736448
[211] 4729.464562 33.946982 492.639976
[212] 4747.139750 34.214449 492.543504
[213] 4764.814937 34.481917 492.447032
[214] 4782.490125 34.749384 492.350560
[215] 4800.165312 35.016851 492.254088
[216] 4817.840500 35.284318 492.157616
[217] 4835.515687 35.551785 492.061144
[218] 4853.190875 35.819252 491.964672
[219] 4870.866062 36.086720 491.868199
[220] 4888.541250 36.354187 491.771727
[221] 4906.216437 36.621654 491.675255
[222] 4923.891625 36.889121 491.578783
[223] 4941.566812 37.156588 491.482311
[224] 4959.242000 37.424056 491.385839
[225] 4976.917187 37.691523 491.289367
[226] 4994.592375 37.958990 491.192895
[227] 5012.267562 38.126441 491.115242
[228] 5029.942750 38.249804 491.045885
[229] 5047.617937 38.373167 490.976528
[230] 5065.293125 38.496530 490.907171
[231] 5082.968312 38.619894 490.837814
[232] 5100.643500 38.743257 490.768457
[233] 5118.318687 38.866620 490.699100
[234] 5135.993875 38.989983 490.629743
[235] 5153.669062 39.113346 490.560386
[236] 5171.344250 39.236709 490.491029
[237] 5189.019437 39.360072 490.421672
[238] 5206.694625 39.483436 490.352314
[239] 5224.369812 39.606799 490.282957
[240] 5242.045000 39.730162 490.213600
[241] 5259.720187 39.853525 490.144243
[242] 5277.395375 39.976888 490.074886
[243] 5295.070562 40.100251 490.005529
[244] 5312.745750 40.223615 489.936172
[245] 5330.420937 40.346978 489.866815
[246] 5348.096125 40.470341 489.797458
[247] 5365.771312 40.593704 489.728101
[248] 5383.446500 40.717067 489.658744
[249] 5401.121687 40.840430 489.589387
[250] 5418.796875 40.963794 489.520029
[251] 5436.472062 41.087157 489.450672
[252] 5454.147250 41.210520 489.381315
[253] 5471.822437 41.333883 489.311958
[254] 5489.497625 41.457246 489.242601
[255] 5507.172812 41.580609 489.173244
[256] 5524.848000 41.703972 489.103887
[257] 5542.523187 41.827336 489.034530
[258] 5560.198375 41.950699 488.965173
[259] 5577.873562 42.074062 488.895816
[260] 5595.548750 42.197425 488.826459
[261] 5613.223937 42.320788 488.757102
[262] 5630.899125 42.444151 488.687744
[263] 5648.574312 42.567515 488.618387
[264] 5666.249500 42.690878 488.549030
[265] 5683.924687 42.814241 488.479673
[266] 5701.599875 42.937604 488.410316
[267] 5719.275062 43.060967 488.340959
[268] 5736.950250 43.184330 488.271602
[269] 5754.625437 43.307694 488.202245
[270] 5772.300625 43.431057 488.132888
[271] 5789.975812 43.554420 488.063531
[272] 5807.651000 43.677783 487.994174
[273] 5825.326187 43.801146 487.924817
[274] 5843.001375 43.924509 487.855459
[275] 5860.676562 44.047872 487.786102
[276] 5878.351750 44.171236 487.716745
[277] 5896.026937 44.294599 487.647388
[278] 5913.702125 44.417962 487.578031
[279] 5931.377312 44.541325 487.508674
[280] 5949.052500 44.664688 487.439317
[281] 5966.727687 44.788051 487.369960
[282] 5984.402875 44.911415 487.300603
[283] 6002.078062 45.040062 487.242288
[284] 6019.753250 45.208369 487.266851
[285] 6037.428437 45.376676 487.291414
[286] 6055.103625 45.544983 487.315977
[287] 6072.778812 45.713290 487.340540
[288] 6090.454000 45.881597 487.365103
[289] 6108.129187 46.049903 487.389666
[290] 6125.804375 46.218210 487.414229
[291] 6143.479562 46.386517 487.438792
[292] 6161.154750 46.554824 487.463355
[293] 6178.829937 46.723131 487.487918
[294] 6196.505125 46.891438 487.512481
[295] 6214.180312 47.059745 487.537044
[296] 6231.855500 47.228052 487.561607
[297] 6249.530687 47.396359 487.586170
[298] 6267.205875 47.564666 487.610733
[299] 6284.881062 47.732973 487.635296
[300] 6302.556250 47.901280 487.659859
[301] 6320.231437 48.069587 487.684422
[302] 6337.906625 48.237894 487.708985
[303] 6355.581812 48.406201 487.733548
[304] 6373.257000 48.574508 487.758112
[305] 6390.932187 48.742815 487.782675
[306] 6408.607375 48.911122 487.807238
[307] 6426.282562 49.079429 487.831801
[308] 6443.957750 49.247736 487.856364
[309] 6461.632937 49.416043 487.880927
[310] 6479.308125 49.584349 487.905490
[311] 6496.983312 49.752656 487.930053
[312] 6514.658500 49.920963 487.954616
[313] 6532.333687 50.089270 487.979179
[314] 6550.008875 50.257577 488.003742
[315] 6567.684062 50.425884 488.028305
[316] 6585.359250 50.594191 488.052868
[317] 6603.034437 50.762498 488.077431
[318] 6620.709625 50.930805 488.101994
[319] 6638.384812 51.099112 488.126557
[320] 6656.060000 51.267419 488.151120
[321] 6673.735187 51.435726 488.175683
[322] 6691.410375 51.604033 488.200246
[323] 6709.085562 51.772340 488.224809
[324] 6726.760750 51.940647 488.249372
[325] 6744.435937 52.108954 488.273935
[326] 6762.111125 52.277261 488.298498
[327] 6779.786312 52.445568 488.323061
[328] 6797.461500 52.613875 488.347624
[329] 6815.136687 52.782182 488.372187
[330] 6832.811875 52.950489 488.396750
[331] 6850.487062 53.118796 488.421313
[332] 6868.162250 53.287102 488.445876
[333] 6885.837437 53.455409 488.470439
[334] 6903.512625 53.623716 488.495002
[335] 6921.187812 53.792023 488.519565
[336] 6938.863000 53.960330 488.544129
[337] 6956.538187 54.128637 488.568692
[338] 6974.213375 54.296944 488.593255
[339] 6991.888562 54.465251 488.617818
[340] 7009.563750 54.642222 488.629162
[341] 7027.238937 54.826541 488.629294
[342] 7044.914125 55.010860 488.629427
[343] 7062.589312 55.195180 488.629559
[344] 7080.264500 55.379499 488.629692
[345] 7097.939687 55.563818 488.629825
[346] 7115.614875 55.748137 488.629957
[347] 7133.290062 55.932456 488.630090
[348] 7150.965250 56.116776 488.630222
[349] 7168.640437 56.301095 488.630355
[350] 7186.315625 56.485414 488.630487
[351] 7203.990812 56.669733 488.630620
[352] 7221.666000 56.854052 488.630752
[353] 7239.341187 57.038371 488.630885
[354] 7257.016375 57.222691 488.631018
[355] 7274.691562 57.407010 488.631150
[356] 7292.366750 57.591329 488.631283
[357] 7310.041937 57.775648 488.631415
[358] 7327.717125 57.959967 488.631548
[359] 7345.392312 58.144287 488.631680
[360] 7363.067500 58.328606 488.631813
[361] 7380.742687 58.512925 488.631946
[362] 7398.417875 58.697244 488.632078
[363] 7416.093062 58.881563 488.632211
[364] 7433.768250 59.065883 488.632343
[365] 7451.443437 59.250202 488.632476
[366] 7469.118625 59.434521 488.632608
[367] 7486.793812 59.618840 488.632741
[368] 7504.469000 59.803159 488.632874
[369] 7522.144187 59.987479 488.633006
[370] 7539.819375 60.171798 488.633139
[371] 7557.494562 60.356117 488.633271
[372] 7575.169750 60.540436 488.633404
[373] 7592.844937 60.724755 488.633536
[374] 7610.520125 60.909074 488.633669
[375] 7628.195312 61.093394 488.633801
[376] 7645.870500 61.277713 488.633934
[377] 7663.545687 61.462032 488.634067
[378] 7681.220875 61.646351 488.634199
[379] 7698.896062 61.830670 488.634332
[380] 7716.571250 62.014990 488.634464
[381] 7734.246437 62.199309 488.634597
[382] 7751.921625 62.383628 488.634729
[383] 7769.596812 62.567947 488.634862
[384] 7787.272000 62.752266 488.634995
[385] 7804.947187 62.936586 488.635127
[386] 7822.622375 63.120905 488.635260
[387] 7840.297562 63.305224 488.635392
[388] 7857.972750 63.489543 488.635525
[389] 7875.647937 63.673862 488.635657
[390] 7893.323125 63.858181 488.635790
[391] 7910.998312 64.042501 488.635922
[392] 7928.673500 64.226820 488.636055
[393] 7946.348687 64.411139 488.636188
[394] 7964.023875 64.595458 488.636320
[395] 7981.699062 64.779777 488.636453
[396] 7999.374250 64.964097 488.636585
[397] 8017.049437 65.719713 486.443408
[398] 8034.724625 66.496298 484.169733
[399] 8052.399812 67.272883 481.896057
[400] 8070.075000 68.049467 479.622381
	Read 1 wind days with 401 wind levels per day.
EXIT[get_wind].
Finished.
